12.257
12.976
12.519
12.482
12.627
12.479
12.686
12.626
13.012
12.939
12.782
12.706
12.605
12.525
12.673
12.498
13.104
12.557
12.684
13.661
12.664
12.94
12.851
12.76
13.138
12.779
13.63
12.918
17.532
12.773
15.746
13.019
13.04
12.83
12.589
15.355
12.399
12.072
13.827
12.773
12.88
16.467
12.871
13.015
13.54
14.172
12.709
12.646
12.438
12.811
17.375
12.347
12.575
12.525
13.027
15.278
15.716
12.896
12.634
12.711
17.234
12.533
13.336
12.382
13.734
12.775
13.271
12.524
13.883
13.877
13.052
12.448
12.287
12.254
12.619
12.352
12.295
12.294
15.201
11.996
12.044
14.987
12.446
12.722
12.653
12.339
12.532
13.128
12.548
12.572
12.755
12.429
16.772
12.385
14.404
12.883
12.964
12.58
14.009
12.59
12.64
12.333
12.729
12.581
12.293
12.388
12.332
12.843
13.128
13.119
16.123
13.162
12.595
12.501
12.024
12.56
14.472
11.907
12.311
12.453
12.645
15.474
16.598
17.487
12.993
17.766
16.401
14.811
13.035
14.492
18.109
16.5
13.908
16.217
13.873
13.399
13.012
13.287
12.973
13.027
13.055
12.909
16.832
13.513
19.921
12.806
12.912
15.195
13.103
13.052
16.141
16.832
13.686
12.718
12.547
13.055
12.56
16.223
14.735
13.448
12.947
13.08
13.049
13.163
13.269
13.062
13.287
13.28
13.272
15.229
12.749
13.101
13.569
12.821
13.484
13.058
12.873
12.768
14.744
13.069
13.237
19.186
18.573
13.169
13.353
13.854
13.36
13.059
16.391
13.023
12.983
16.422
17.246
13.129
13.546
13.022
17.411
13.252
14.296
12.989
14.282
14.942
12.949
12.823
12.929
12.869
12.729
15.437
13.038
12.757
12.642
13.217
12.801
12.731
12.807
18.311
13.049
12.889
12.658
13.779
13.659
12.713
12.407
12.488
12.38
12.615
15.888
15.785
13.13
14.185
12.93
13.035
12.791
14.174
12.377
12.494
12.533
12.565
12.658
12.363
14.878
16.761
16.004
16.13
13.051
12.743
12.873
12.427
12.479
12.604
12.558
12.914
15.266
13.992
12.822
12.854
14.743
12.925
15.306
13.261
12.748
12.867
15.479
12.637
12.894
14.603
14.292
13.012
15.921
12.644
12.408
12.744
16.884
17.719
15.991
18.721
