12.77
12.54
12.464
12.573
12.508
12.606
12.911
12.765
12.624
12.618
12.196
13.255
12.654
12.774
13.234
12.755
12.224
12.033
12.521
12.493
12.2
12.441
13.218
12.207
13.093
12.506
12.411
12.998
12.764
12.462
12.551
12.689
12.364
12.783
12.512
12.381
12.556
12.621
12.741
12.805
12.62
15.665
12.83
13.14
13.005
12.871
12.844
13.057
12.474
12.583
12.083
12.722
12.72
12.317
12.635
12.7
12.843
12.401
12.892
13.129
12.984
12.963
13.063
12.819
13.125
13.068
12.958
12.949
13.04
13.986
12.961
12.963
13.031
13.054
13.087
13.021
12.71
13.065
13.037
12.814
12.879
12.848
12.724
12.631
12.513
12.394
12.793
12.617
12.639
12.753
12.625
12.679
12.65
13.469
12.961
13.178
13.535
14.483
12.953
12.767
12.683
12.647
12.35
12.639
12.449
12.657
13.053
13.074
13.004
12.807
12.932
13.081
13.215
13.121
12.845
12.918
12.818
12.698
12.885
13.121
13.171
13.024
13.258
12.74
13.129
12.852
12.872
12.96
12.924
12.561
12.638
12.717
12.799
12.781
13.229
12.939
13.381
13.128
13.084
13.019
13.085
13.191
13.31
12.628
13.057
12.605
12.736
13.086
13.171
13.205
13.272
12.866
13.045
13.93
13.135
12.995
13.082
12.987
13.564
13.15
12.961
13.129
17.406
13.02
19.891
12.918
13.363
13.072
12.819
12.454
12.394
12.869
13.234
13.117
13.159
12.766
12.928
12.898
12.725
12.555
12.73
12.966
12.887
12.796
12.722
13.724
12.927
12.838
12.762
12.883
12.775
13.9
13.009
12.994
12.371
11.997
12.5
12.985
12.616
12.509
12.483
11.918
12.063
12.324
12.763
12.212
12.498
12.572
12.796
12.033
12.583
12.516
12.583
12.767
13.098
12.882
13.169
13.156
13.211
12.943
12.655
12.614
12.639
12.749
12.725
13.132
13.064
13.042
13.107
13.11
13.2
13.316
13.089
13.201
12.973
12.818
12.781
12.64
12.582
12.709
12.833
12.897
12.624
12.813
12.562
13.903
12.824
