------> 15

1 2 3 4 5 6 7 8 9 10 11 12 13 14 15
RMS error reported by calibrateCamera: 0.473651
Intrinsic camera matrix
[513.5904443998544, 0, 305.7088493270967;
 0, 511.2880650527293, 173.961239369796;
 0, 0, 1]
Distortion coefficients
[0.02562836348666439, -0.1111350389585516, 0.005385955925376401, -0.007856046021416712, 0.06263913452068189]
----------------------------
1 2 3 4 5 6 7 8 9 10 11 12 13 14 15
RMS error reported by calibrateCamera: 0.31894
Intrinsic camera matrix
[484.2305817833121, 0, 331.1494394546885;
 0, 485.1781159833638, 173.6566506841164;
 0, 0, 1]
Distortion coefficients
[0.1209144674591781, -0.5300061316465233, -0.007105118135853812, -0.002502259303360273, 0.6004935114986066]
----------------------------
1 2 3 4 5 6 7 8 9 10 11 12 13 14 15
RMS error reported by calibrateCamera: 0.809508
Intrinsic camera matrix
[515.3852096019875, 0, 381.3933191001879;
 0, 512.998635100059, 156.5415495810091;
 0, 0, 1]
Distortion coefficients
[-0.3599097364215222, 3.166981123491067, -0.008150322804705941, 0.02890598382504258, -8.254065605687016]
----------------------------
1 2 3 4 5 6 7 8 9 10 11 12 13 14 15
RMS error reported by calibrateCamera: 0.336314
Intrinsic camera matrix
[481.1158563523721, 0, 337.0963653812153;
 0, 478.0179458132899, 192.1235357920477;
 0, 0, 1]
Distortion coefficients
[0.1012671849454698, -0.2942556963933896, 0.00789704614242996, 0.01157599519262929, 0.287459363503727]
----------------------------
1 2 3 4 5 6 7 8 9 10 11 12 13 14 15
RMS error reported by calibrateCamera: 0.566827
Intrinsic camera matrix
[507.833916794838, 0, 320.6163119651164;
 0, 506.7815700243423, 168.7114888308942;
 0, 0, 1]
Distortion coefficients
[0.07908720481540255, -0.2147447195806607, 0.001925404351923012, -0.006354542110857198, 0.1600430803025887]
----------------------------
1 2 3 4 5 6 7 8 9 10 11 12 13 14 15
RMS error reported by calibrateCamera: 1.07843
Intrinsic camera matrix
[453.0105905587603, 0, 351.0677235774079;
 0, 458.8628729486567, 177.8598454744796;
 0, 0, 1]
Distortion coefficients
[-0.03281227201468741, 0.1256027022741936, -0.006775639935572328, 0.008324416119565739, -0.195214982130921]
----------------------------



----> 30 frames

RMS error reported by calibrateCamera: 0.443041
Intrinsic camera matrix
[499.3031581712834, 0, 314.4845254661076;
 0, 498.8156199537402, 173.0350438355959;
 0, 0, 1]
Distortion coefficients
[0.01874201879897867, -0.04020143661479579, -0.000855603567057645, -0.005369474459623946, -0.03970777354466151]
----------------------------
1 2 3 4 5 6 7 8 9 10 11 12 13 14 15 16 17 18 19 20 21 22 23 24 25 26 27 28 29 30
RMS error reported by calibrateCamera: 0.740398
Intrinsic camera matrix
[489.3492059023359, 0, 325.5676481404627;
 0, 486.5889765081468, 177.0522479088053;
 0, 0, 1]
Distortion coefficients
[0.1218670383902823, -0.6114427390616811, 0.0005996294578592905, 0.002069706754973337, 0.8055855352607597]
----------------------------
1 2 3 4 5 6 7 8 9 10 11 12 13 14 15 16 17 18 19 20 21 22 23 24 25 26 27 28 29 30
RMS error reported by calibrateCamera: 0.870979
Intrinsic camera matrix
[504.7958802689523, 0, 321.321892149173;
 0, 504.1506712327774, 169.6435597616273;
 0, 0, 1]
Distortion coefficients
[0.05260878053851716, -0.1443340123401243, 0.001358832256961272, -0.004745190910185157, 0.1538461173750331]
----------------------------
